//Experience tables format:
//Max Level,Class list,Type (0 - Base Exp; 1 - Job Exp),Exp for Lv 1,2,3,4,5,6,7,8,9,10,11,12,13,14,15,16,17,18,19,20,21,22,23,24,25,26,27,28,29,30,31,32,33,34,35,36,37,38,39,40,41,42,43,44,45,46,47,48,49,50,51,52,53,54,55,56,57,58,59,60,61,62,63,64,65,66,67,68,69,70,71,72,73,74,75,76,77,78,79,80,81,82,83,84,85,86,87,88,89,90,91,92,93,94,95,96,97,98
// Supports baselevel up to 1000 and joblevel up to 255 (except Novice/High Novice)

//================================
// Pre-Renewal Experience Database
//================================

//Base - Normal and Baby Jobs
99,0:1:2:3:4:5:6:7:8:9:10:11:12:13:14:15:16:17:18:19:20:21:23:24:25:4023:4024:4025:4026:4027:4028:4029:4030:4031:4032:4033:4034:4035:4036:4037:4038:4039:4040:4041:4042:4043:4044:4045:4046:4047:4048:4049:4050:4051:4052,0,1,2,3,4,8,11,15,20,25,32,39,49,59,70,83,97,112,126,142,162,186,199,224,250,295,343,393,447,689,800,917,1043,1175,1397,1578,1768,1968,2177,3054,3421,3807,4210,4632,5303,5842,6404,6989,7598,10247,11526,12870,14280,15755,17822,19635,21528,23499,25549,33044,36628,40373,44283,48357,53833,58708,63785,69069,74565,93263,148799,161307,174414,188160,202594,228995,246406,264833,284403,339184,393788,435987,481737,531594,586242,675557,746844,826558,916279,1017915,1363421,1714007,2120505,3027203,4201459,6747539,9943608,12881034,24156862

//Base - Trans Jobs
99,4001:4002:4003:4004:4005:4006:4007:4008:4009:4010:4011:4012:4013:4014:4015:4016:4017:4018:4019:4020:4021:4022,0,1,2,3,4,9,12,17,22,28,40,48,61,73,88,104,121,140,158,178,227,260,279,314,351,413,480,551,626,965,1239,1422,1616,1821,2165,2445,2740,3050,3375,4734,5816,6471,7157,7875,9015,9932,10888,11882,12917,17422,21326,23813,26423,29154,32981,36340,39847,43503,47309,61203,73364,80900,88779,97010,108080,117984,128342,139181,150531,188696,347154,377563,409848,444236,481011,547332,593606,643932,699027,844185,1124020,1265150,1424248,1604937,1811650,2141882,2434929,2776997,3178367,3651435,5843232,7612570,9764205,14451334,20784384,34560444,52667907,70447006,155790423


//Job - Novice & Baby Novice
10,0:4023,1,1,2,3,4,9,15,21,27,34


//Job - 1st Classes & Baby 1st Classes
50,1:2:3:4:5:6:4024:4025:4026:4027:4028:4029:4046:4050,1,3,4,6,8,12,18,22,27,34,52,60,70,80,95,113,167,194,223,304,399,556,627,702,912,1148,1530,1690,1859,2326,2841,3657,3985,4327,5271,6295,7888,8516,9175,10962,12884,15839,19863,21333,26171,30497,41710,44919,53789,58033,60602,63493,66761,70466,74678,79479,84959,91225,98397,106610,116021,126807,139166,153326,169541,188099,209326,233585,261286,292890,328911,369924,416574,469578,529737,597943,675187,762573,861322,972791,1098484,1240062,1399367,1578428,1779488,2005021,2257747,2540668,2857081,3210613,3605244,4045345,4535705,5081576,5688707,6363387,7112497,7943553,8864763


//Job - 2nd Classes & Baby 2nd Classes / Soul Linker
50,7:8:9:10:11:12:13:14:15:16:17:18:19:20:21:4030:4031:4032:4033:4034:4035:4036:4037:4038:4039:4040:4041:4042:4043:4044:4051:4052:4049,1,14,18,28,35,60,89,110,160,254,368,429,495,668,949,1277,1434,1601,2064,2743,3511,3858,4221,5272,6699,8272,8959,9674,11794,14512,17453,18714,20024,23965,28797,33958,36175,38484,45433,53681,62444,66337,82188,96231,116628,134360,160560,170740,222101,237258,247758,259580,272940,288088,305311,324937,347343,372961,402280,435860,474336,518431,568960,626850,693143,769017,855799,954980,1068235,1197443,1344709,1512387,1703109,1919809,2165763,2444616,2760422,3117688,3521415,3977147,4491031,5069865,5721168,6453245,7275262,8197329,9230580,10387277,11680907,13126292,14739711,16539027,18543830,20775583,23257793,26016179,29078859,32476566,36242861


//Job - Novice High
10,4001,1,1,2,3,4,10,17,23,30,37


//Job - Adv First Classes / Taekwon
50,4002:4003:4004:4005:4006:4007,1,6,9,12,15,23,36,44,54,67,104,121,140,160,190,225,334,387,445,608,798,1113,1255,1404,1823,2869,3825,4226,4647,5815,7103,9142,9962,10818,13178,15737,19720,21291,22936,27404,32211,39598,49658,53332,65427,76243,104276,112297,134471,145083,151504,158733,166903,176166,186697,198699,212400,228065,245994,266528,290056,317020,347919,383318,423855,470252,523320,583968,653224,732235,822287,924822,1041447,1173959,1324360,1494877,1687991,1906458,2153335,2432014,2746252,3100207,3498477,3946139,4448801,5012641,5644472,6351788,7142839,8026687,9013286,10113559,11339488,12704197,14222060,15908802,17781620,19859304,22162381


//Job - Adv Second Classes
70,4008:4009:4010:4011:4012:4013:4014:4015:4016:4017:4018:4019:4020:4021:4022,1,29,37,57,70,121,177,219,320,508,735,858,989,1336,1898,3193,3586,4001,5161,6859,8777,9645,10553,13179,16747,20680,22398,24185,29486,36281,47995,51465,55067,65903,79192,93385,99480,105832,124940,147622,171722,182427,226017,264634,320726,403080,481680,512219,666304,711775,801571,905686,1026990,1169006,1336061,1644997,2034263,2526928,3153116,3952214,5144461,6725182,8827852,11633117,15385621,21420924,29914647,41890571,58802904,82717382,91979583,102434749,114221503,127492584,142416104,159176894,177977936,199041919,222612886,248958027,278369579,311166890,347698570,388344874,433520202,483675706,539302199,600933227,669148231,744576085,827898757,919855155,1021245473,1132935472,1255861396,1391034636,1539547319,1702578073,1881397881


//Job - Ninja/Gunslinger
70,24:25,1,7,9,14,17,30,44,55,80,127,184,215,247,334,475,639,717,800,1032,1372,1755,1929,2111,2636,3349,4136,4480,4837,5897,7256,8726,9357,10012,11982,14399,23274,25975,27758,31891,37802,44107,49008,60957,69448,84485,97677,121990,130289,153682,176662,203633,220980,241316,271408,311346,352987,400523,461651,525763,598887,676684,787242,882679,981034,1111563,1231206,1428521,1611793,1803329,2086816,2320485,2584251,2881610,3216416,3592910,4015755,4490073,5021480,5616134,6280775,7022776,7850194,8771824,9797258,10936952,12202285,13605642,15160483,16881426,18784335,20886416,23206311,25764206,28581946,31683145,35093321,38840030,42953005,47464303

//Job - Star Gladiator
50,4047:4048,1,2743,2743,2743,2743,2743,2743,2743,2743,2743,2743,2743,2743,2743,2743,2743,2743,2743,2743,5487,7022,7716,8442,10544,13396,16544,17911,19348,23588,29025,34906,37429,40048,47929,57594,67916,72349,76968,90865,107361,124889,132674,164376,192461,233255,268720,321120,341479,444203,588397,608413,631194,657174,686847,720772,759584,804002,854835,912996,979510,1055528,1142340,1241389,1354286,1482828,1629016,1795074,1983472,2196949,2438537,2711590,3019812,3367289,3758525,4198476,4692589,5246850,5867823,6562702,7339365,8206427,9173302,10250267,11448533,12780315,14258914,15898801,17715702,19726701,21950337,24406713,27117616,30106634,33399288,37023178,41008121,45386319,50192511,55464168


//Job - Super Novice & Baby Super Novice
99,23:4045,1,4,5,7,10,15,23,28,34,42,65,76,88,101,120,142,212,247,284,390,513,719,814,916,1195,1513,2029,2256,2498,3149,3875,5027,5522,6048,7430,8951,11316,12326,13395,16142,19129,23698,29929,32344,39884,46659,63966,68928,82417,88582,173650,178502,183538,188765,194187,199813,205647,211697,217969,224469,231205,238182,245408,252890,260634,268649,276941,285517,294386,303554,313029,322819,332931,343374,354156,365284,376768,388614,400832,413430,426416,439800,453589,467794,482422,497482,512985,528938,545352,562236,579599,597451,615802,634660,654037,673942,694386,715378,736928




//================================
// Renewal content (required for some core features)
//================================

//Base - 3rd Jobs, Baby 3rds, Expanded Super Novice, and Kagerou/Oboro
//Note: (First 98 values [Level 1 - 98] are dummy values (used Adv Jobs values), because 3rd classes start at level 99.)
99,4054:4055:4056:4057:4058:4059:4060:4061:4062:4063:4064:4065:4066:4067:4068:4069:4070:4071:4072:4073:4074:4075:4076:4077:4078:4079:4080:4081:4082:4083:4084:4085:4086:4087:4096:4097:4098:4099:4100:4101:4102:4103:4104:4105:4106:4107:4108:4109:4110:4111:4112:4190:4191:4211:4212:4215,0,10,18,28,40,85,123,168,220,278,400,481,613,731,875,1038,1213,1400,1575,1775,2268,2604,2786,3136,3506,4130,4796,5508,6264,9645,12392,14220,16159,18209,21649,24451,27401,30499,33748,47342,58160,64711,71573,78749,90144,99312,108870,118816,129154,174196,213220,238080,264150,291427,329640,363155,398116,434526,472381,610848,731828,806448,884232,965180,1073896,1170382,1270556,1374422,1481976,1850800,3389616,3666333,3953534,4251217,4559382,5129260,5488173,5859059,6241919,7374168,9570662,10458427,11380262,12336168,13326144,14994907,16130400,17304200,18516326,19766760,21085096,22473939,23935933,25473761,27090141,28787825,30569594,32438257,34396650,36447628,38594068,40838862,43184915,45635142,48192464,50859807,53640095,56536248,59551182,62687799,65948990,69337627,72856561,76508620,80296602,84223275,88291372,92503586,96862571,101370933,106031232,110845975,115817614,120948544,126241098,131697545,137320088,143110859,149071919,155205253,161512770,167996297,174657580,181498280,188519973,195724146,203112195,210685425,218445048,226392181,234527844,242852961,251368358,260074760,268972793,278062983,287345754,296821429,306490229,316352273,326407578,336656059,347097530,357731703,368558190,379576502,390786051,402186149,413776012,425554759,437521412,449674899,462014055,474537623,487244256,500132518,513200886,526447751,539871420,553470119,567241993,581185110,595297462,609576966,624021468,638628745,653396504,668322389,683403980,698638797,714024301,729557897,745236936,761058717,777020492,793119465,809352795,825717601,842210961,858829917,875571475,892432609,909410264,926501355,943702774,961011389,978424047,995937576,1013548788,1031254481,1049051440,1066936441,1084906252,1102957634,1121087346,1139292145,1157568786,1175914029,1194324635,1212797373,1231329018,1249916355,1268556179,1287245299,1305980536,1324758729,1343576732,1362431419,1381319683,1400238439,1419184625,1438155202,1457147157,1476157502,1495183278,1514221554,1533269429,1552324031,1571382520,1590442090,1609499966,1628553409,1647599713,1666636209,1685660263,1704669278,1723660695,1742631992,1761580687,1780504336,1799400534,1818266916,1837101157,1855900974,1874664122,1893388399,1912071644,1930711737,1949306600,1967854196,1986352530,2004799649,2023193642,2041532640,2059814816,2078038384,2096201600,2114302763,2132340212,2150312328,2168217533,2186054291,2203821106,2221516523,2239139127,2256687544,2274160439,2291556517,2308874523,2326113241,2343271492,2360348137,2377342074,2394252239,2411077605,2427817182,2444470016,2461035190,2477511822,2493899065,2510196107,2526402170,2542516509,2558538414,2574467207,2590302243,2606042908,2621688620,2637238829,2652693014,2668050684,2683311379,2698474666,2713540143,2728507434,2743376192,2758146097,2772816855,2787388198,2801859883,2816231694,2830503439,2844674950,2858746082,2872716714,2886586747,2900356105,2914024733,2927592598,2941059688,2954426010,2967691593,2980856483,2993920747,3006884469,3019747752,3032510717,3045173501,3057736259,3070199161,3082562393,3094826158,3106990673,3119056170,3131022894,3142891106,3154661079,3166333099,3177907466,3189384491,3200764497,3212047820,3223234805,3234325809,3245321200,3256221356,3267026664,3277737521,3288354333,3298877514,3309307489,3319644689,3329889553,3340042528,3350104069,3360074637,3369954700,3379744733,3389445216,3399056636,3408579485,3418014261,3427361466,3436621608,3445795199,3454882755,3463884797,3472801849,3481634440,3490383101,3499048368,3507630778,3516130872,3524549194,3532886290,3541142708,3549318998,3557415713,3565433406,3573372633,3581233950,3589017916,3596725090,3604356032,3611911302,3619391462,3626797073,3634128697,3641386897,3648572235,3655685273,3662726573,3669696697,3676596205,3683425658,3690185617,3696876640,3703499285,3710054109,3716541669,3722962519,3729317213,3735606303,3741830339,3747989871,3754085446,3760117610,3766086907,3771993879,3777839066,3783623006,3789346235,3795009287,3800612694,3806156985,3811642688,3817070327,3822440424,3827753500,3833010071,3838210653,3843355757,3848445893,3853481568,3858463286,3863391548,3868266853,3873089696,3877860570,3882579965,3887248368,3891866263,3896434130,3900952448,3905421692,3909842333,3914214841,3918539681,3922817316,3927048205,3931232805,3935371569,3939464947,3943513385,3947517328,3951477216,3955393486,3959266573,3963096907,3966884916,3970631025,3974335655,3977999224,3981622147,3985204835,3988747697,3992251137,3995715558,3999141358,4002528933,4005878676,4009190975,4012466216,4015704782,4018907052,4022073402,4025204206,4028299834,4031360652,4034387025,4037379312,4040337871,4043263057,4046155220,4049014709,4051841869,4054637042,4057400566,4060132778,4062834010,4065504592,4068144851,4070755111,4073335693,4075886914,4078409090,4080902532,4083367550,4085804450,4088213536,4090595108,4092949463,4095276897,4097577701,4099852165,4102100575,4104323215,4106520366,4108692307,4110839312,4112961655,4115059606,4117133433,4119183400,4121209770,4123212802,4125192754,4127149880,4129084433,4130996662,4132886814,4134755133,4136601862,4138427240,4140231505,4142014891,4143777631,4145519954,4147242089,4148944261,4150626693,4152289606,4153933218,4155557746,4157163403,4158750402,4160318952,4161869260,4163401532,4164915971,4166412777,4167892150,4169354286,4170799380,4172227625,4173639211,4175034327,4176413160,4177775894,4179122712,4180453795,4181769321,4183069467,4184354408,4185624318,4186879367,4188119725,4189345560,4190557037,4191754321,4192937573,4194106954,4195262623,4196404736,4197533449,4198648916,4199751289,4200840717,4201917350,4202981334,4204032815,4205071936,4206098840,4207113668,4208116558,4209107648,4210087074,4211054971,4212011472,4212956708,4213890810,4214813906,4215726123,4216627588,4217518424,4218398755,4219268703,4220128387,4220977927,4221817441,4222647044,4223466852,4224276979,4225077537,4225868637,4226650390,4227422904,4228186286,4228940643,4229686080,4230422700,4231150607,4231869902,4232580686,4233283058,4233977116,4234662957,4235340677,4236010370,4236672131,4237326053,4237972227,4238610743,4239241692,4239865161,4240481239,4241090012,4241691565,4242285983,4242873350,4243453749,4244027261,4244593967,4245153947,4245707279,4246254042,4246794313,4247328169,4247855684,4248376933,4248891990,4249400928,4249903818,4250400732,4250891740,4251376912,4251856316,4252330020,4252798092,4253260597,4253717602,4254169171,4254615368,4255056257,4255491900,4255922359,4256347695,4256767969,4257183240,4257593568,4257999011,4258399627,4258795472,4259186603,4259573076,4259954946,4260332267,4260705093,4261073477,4261437472,4261797129,4262152500,4262503636,4262850586,4263193401,4263532129,4263866819,4264197518,4264524274,4264847134,4265166143,4265481348,4265792793,4266100523,4266404582,4266705014,4267001861,4267295166,4267584971,4267871318,4268154248,4268433801,4268710017,4268982936,4269252597,4269519039,4269782300,4270042418,4270299430,4270553373,4270804284,4271052198,4271297151,4271539179,4271778316,4272014596,4272248054,4272478723,4272706636,4272931826,4273154325,4273374166,4273591380,4273805998,4274018051,4274227570,4274434585,4274639125,4274841221,4275040901,4275238194,4275433128,4275625732,4275816033,4276004059,4276189837,4276373393,4276554754,4276733946,4276910995,4277085927,4277258767,4277429540,4277598270,4277764982,4277929700,4278092447,4278253247,4278412124,4278569100,4278724198,4278877440,4279028849,4279178446,4279326253,4279472291,4279616582,4279759146,4279900004,4280039176,4280176683,4280312544,4280446779,4280579407,4280710448,4280839920,4280967842,4281094233,4281219111,4281342494,4281464400,4281584846,4281703850,4281821429,4281937601,4282052382,4282165788,4282277836,4282388543,4282497924,4282605995,4282712772,4282818270,4282922505,4283025492,4283127245,4283227779,4283327109,4283425250,4283522215,4283618019,4283712675,4283806197,4283898599,4283989894,4284080096,4284169217,4284257270,4284344268,4284430224,4284515150,4284599059,4284681963,4284763873,4284844802,4284924761,4285003762,4285081817,4285158936,4285235131,4285310413,4285384793,4285458282,4285530890,4285602628,4285673507,4285743536,4285812726,4285881087,4285948628,4286015360,4286081292,4286146434,4286210795,4286274385,4286337213,4286399288,4286460619,4286521215,4286581084,4286640236,4286698679,4286756421,4286813471,4286869837,4286925527,4286980550,4287034913,4287088625,4287141693,4287194125,4287245928,4287297110,4287347678,4287397640,4287447003,4287495774,4287543961,4287591570,4287638608,4287685082,4287730999,4287776365,4287821187,4287865472,4287909226,4287952455,4287995166,4288037365,4288079058,4288120251,4288160950,4288201161,4288240890,4288280143,4288318925,4288357242,4288395099,4288432502,4288469457,4288505969,4288542043,4288577684,4288612898,4288647690,4288682064,4288716026,4288749581,4288782733,4288815488,4288847850,4288879824,4288911414,4288942626,4288973463,4289003930,4289034032,4289063773,4289093157,4289122189,4289150873,4289179213,4289207213,4289234877,4289262209,4289289213,4289315893,4289342253,4289368297,4289394029,4289419452,4289444570,4289469387,4289493906,4289518131,4289542066,4289565714,4289589078,4289612162,4289634969,4289657502,4289679765,4289701761,4289723493,4289744964,4289766178,4289787137,4289807845,4289828305,4289848519,4289868491,4289888223,4289907718,4289926979,4289946009,4289964811,4289983388,4290001742,4290019876,4290037792,4290055493,4290072982,4290090261,4290107333,4290124200,4290140865,4290157330,4290173597,4290189669,4290205548,4290221237,4290236737,4290252051,4290267182,4290282131,4290296901,4290311494,4290325912,4290340157,4290354231,4290368136,4290381874,4290395447,4290408857,4290422107,4290435198,4290448132,4290460910,4290473535,4290486009,4290498333,4290510509,4290522539,4290534425,4290546168,4290557770,4290569233,4290580558,4290591748,4290602803,4290613726,4290624518,4290635180,4290645714,4290656122,4290666405,4290676565,4290686603,4290696520,4290706318,4290715999,4290725564,4290735014,4290744350,4290753574,4290762688,4290771692,4290780588,4290789378,4290798062,4290806642,4290815119,4290823494,4290831769,4290839944,4290848021,4290856001,4290863886,4290871676,4290879373,4290886977,4290894490,4290901913,4290909247,4290916493,4290923652,4290930725,4290937713,4290944617,4290951438,4290958178,4290964837,4290971416,4290977916,4290984338,4290990683,4290996952,4291003145,4291009264,4291015310,4291021283,4291027184,4291033015,4291038776,4291044468,4291050091,4291055647,4291061136,4291066559,4291071917,4291077211,4291082441,4291087609,4291092715,4291097759,4291102743,4291107667,4291112532,4291117338,4291122087,4291126779

//Job - 3rd Jobs, Baby 3rds, Expanded Super Novice, and Kagerou/Oboro
50,4054:4055:4056:4057:4058:4059:4060:4061:4062:4063:4064:4065:4066:4067:4068:4069:4070:4071:4072:4073:4074:4075:4076:4077:4078:4079:4080:4081:4082:4083:4084:4085:4086:4087:4096:4097:4098:4099:4100:4101:4102:4103:4104:4105:4106:4107:4108:4109:4110:4111:4112:4190:4191:4211:4212:4215,1,368,568,696,1206,1774,2192,3196,5080,7352,8580,9892,13358,18984,31925,35860,40013,51605,68585,87770,96443,105515,131770,167428,206720,223860,241673,294553,362303,479053,513362,548856,656197,787507,927154,985696,1046034,1231134,1449220,1678177,1943306,2244059,2584282,2968115,3400000,3884688,4427246,5033064,5707855,6457661,7288852,8208125,9222500,10339317,11566230,12911197,14382470,15988583,17738338,19640789,21705223,23941143,26358244,28966392,31775600,34796000,38037819,41511350,45226922,49194872,53425513,57929105,62715823,67795725,73178721,78874542,84892710,91242506,97932943,104972733,112370263,120133566,128270295,136787699,145692601,154991375,164689926,174793673,185307530,196235893,207582627,219351052,231543938,244163492,257211358,270688607,284595740,298932685,313698799,328892871,344513126,360557232,377022309,393904936,411201163,428906522,447016041,465524258,484425237,503712583,523379460,543418608,563822364,584582678,605691135,627138976,648917115,671016163,693426449,716138040,739140762,762424222,785977830,809790819,833852265,858151108,882676174,907416194,932359821,957495652,982812246,1008298142,1033941875,1059731995,1085657082,1111705763,1137866726,1164128735,1190480643,1216911407,1243410098,1269965914,1296568193,1323206421,1349870242,1376549469,1403234090,1429914278,1456580397,1483223010,1509832883,1536400993,1562918530,1589376904,1615767747,1642082917,1668314501,1694454815,1720496409,1746432067,1772254807,1797957882,1823534782,1848979230,1874285184,1899446836,1924458610,1949315159,1974011367,1998542342,2022903418,2047090150,2071098310,2094923887,2118563083,2142012307,2165268175,2188327503,2211187307,2233844796,2256297369,2278542611,2300578289,2322402347,2344012903,2365408244,2386586822,2407547248,2428288289,2448808865,2469108042,2489185029,2509039173,2528669956,2548076989,2567260008,2586218871,2604953553,2623464142,2641750834,2659813929,2677653830,2695271035,2712666136,2729839813,2746792832,2763526041,2780040365,2796336805,2812416433,2828280388,2843929874,2859366157,2874590560,2889604462,2904409294,2919006536,2933397714,2947584399,2961568203,2975350775,2988933801,3002319001,3015508125,3028502953,3041305291,3053916970,3066339843,3078575783,3090626683,3102494451,3114181011,3125688300,3137018266,3148172868,3159154072,3169963851,3180604184,3191077054,3201384446,3211528348,3221510747,3231333629,3240998979,3250508779,3259865006,3269069632,3278124624,3287031942,3295793538,3304411356,3312887331,3321223387,3329421440,3337483392,3345411135,3353206549,3360871500,3368407842,3375817414,3383102041,3390263534,3397303689,3404224286,3411027090,3417713850,3424286299,3430746152,3437095109,3443334852,3449467047,3455493342,3461415367,3467234735,3472953041,3478571863,3484092761,3489517276,3494846931,3500083232,3505227667,3510281705,3515246797,3520124376,3524915857,3529622637,3534246095,3538787592,3543248471,3547630058,3551933659,3556160565,3560312047,3564389360,3568393741,3572326410,3576188570,3579981406,3583706087,3587363764,3590955573,3594482632,3597946043,3601346892,3604686248,3607965165,3611184681,3614345817,3617449581,3620496963,3623488939,3626426470,3629310502,3632141966,3634921779,3637650842,3640330044,3642960259,3645542346,3648077152,3650565509,3653008236,3655406140,3657760013,3660070635,3662338774,3664565184,3666750607,3668895774,3671001402,3673068197,3675096854,3677088055,3679042471,3680960763,3682843579,3684691557,3686505325,3688285499,3690032685,3691747478,3693430465,3695082220,3696703310,3698294290,3699855707,3701388097,3702891989,3704367901,3705816342,3707237813,3708632806,3710001804,3711345282,3712663706,3713957535,3715227220,3716473203,3717695918,3718895792,3720073245,3721228689,3722362528,3723475160,3724566975,3725638356,3726689680,3727721318,3728733632,3729726979,3730701710,3731658168,3732596692,3733517613,3734421257,3735307945,3736177990,3737031701,3737869381,3738691328,3739497833,3740289184,3741065662,3741827543,3742575099,3743308597,3744028298,3744734459,3745427333,3746107167,3746774204,3747428682,3748070836,3748700896,3749319088,3749925634,3750520750,3751104651,3751677546,3752239641,3752791138,3753332236,3753863129,3754384008,3754895060,3755396470,3755888418,3756371081,3756844634,3757309248,3757765090,3758212325,3758651114,3759081616,3759503986,3759918377,3760324939,3760723819,3761115161,3761499107,3761875797,3762245366,3762607949,3762963676,3763312677,3763655079,3763991005,3764320578,3764643917,3764961140,3765272361,3765577694,3765877250,3766171137,3766459463,3766742332,3767019847,3767292109,3767559217,3767821269,3768078359,3768330582,3768578029,3768820790,3769058954,3769292607,3769521835,3769746721,3769967347,3770183794,3770396141,3770604465,3770808842,3771009346,3771206051,3771399029,3771588350,3771774083,3771956296,3772135055,3772310426,3772482473,3772651259,3772816845,3772979292,3773138659,3773295005,3773448386,3773598859,3773746479,3773891300,3774033375,3774172755,3774309492,3774443636,3774575236,3774704340,3774830995,3774955248,3775077144,3775196728,3775314043,3775429133,3775542040,3775652805,3775761468,3775868070,3775972649,3776075244,3776175892,3776274631,3776371496,3776466523,3776559747,3776651202,3776740921,3776828938,3776915285,3776999993,3777083093,3777164616,3777244592,3777323050,3777400019,3777475527,3777549602,3777622271,3777693560,3777763496,3777832105,3777899411,3777965440,3778030215,3778093760,3778156099,3778217255,3778277250,3778336106,3778393844,3778450486,3778506053,3778560565,3778614042,3778666503,3778717968,3778768456,3778817986,3778866575,3778914242,3778961003,3779006877,3779051880,3779096028,3779139338,3779181825,3779223505,3779264394,3779304506,3779343857,3779382460,3779420330,3779457481,3779493927,3779529681,3779564756,3779599164,3779632919,3779666033,3779698518,3779730386,3779761649,3779792318,3779822405,3779851920,3779880875,3779909280,3779937145,3779964481,3779991298,3780017605,3780043413,3780068731,3780093568,3780117933,3780141835,3780165283,3780188286,3780210852,3780232989,3780254706,3780276010,3780296909,3780317412,3780337525,3780357256,3780376612,3780395601,3780414229,3780432503,3780450430,3780468016,3780485268,3780502193,3780518796,3780535084,3780551062,3780566737,3780582114,3780597199,3780611997,3780626514,3780640755,3780654726,3780668431,3780681876,3780695066,3780708005,3780720698,3780733150,3780745366,3780757349,3780769105,3780780637,3780791950,3780803048,3780813936,3780824617,3780835095,3780845374,3780855458,3780865350,3780875054,3780884574,3780893913,3780903074,3780912061,3780920878,3780929527,3780938012,3780946336,3780954501,3780962511,3780970369,3780978078,3780985640,3780993059,3781000337,3781007476,3781014480,3781021351,3781028091,3781034703,3781041189,3781047552,3781053794,3781059918,3781065925,3781071818,3781077599,3781083270,3781088834,3781094292,3781099646,3781104899,3781110052,3781115107,3781120066,3781124931,3781129703,3781134384,3781138976,3781143481,3781147901,3781152237,3781156490,3781160662,3781164755,3781168770,3781172709,3781176573,3781180364,3781184083,3781187731,3781191310,3781194821,3781198265,3781201644,3781204958,3781208209,3781211399,3781214528,3781217598,3781220609,3781223563,3781226461,3781229304,3781232093,3781234829,3781237513,3781240146,3781242729,3781245263,3781247749,3781250187,3781252579,3781254926,3781257228,3781259486,3781261701,3781263874,3781266006,3781268097,3781270149,3781272162,3781274136,3781276073,3781277973,3781279837,3781281666,3781283460,3781285220,3781286946,3781288639,3781290300,3781291930,3781293529,3781295097,3781296636,3781298145,3781299626,3781301078,3781302503,3781303901,3781305272,3781306617,3781307937,3781309231,3781310501,3781311747,3781312969,3781314168,3781315344,3781316498,3781317630,3781318740,3781319829,3781320897,3781321945,3781322973,3781323982,3781324972,3781325943,3781326895,3781327829,3781328745,3781329644,3781330526,3781331391,3781332240,3781333073,3781333890,3781334691,3781335477,3781336248,3781337004,3781337746,3781338474,3781339188,3781339888,3781340575,3781341249,3781341910,3781342559,3781343195,3781343819,3781344431,3781345032,3781345621,3781346199,3781346766,3781347322,3781347868,3781348403,3781348928,3781349443,3781349948,3781350444,3781350930,3781351407,3781351875,3781352334,3781352784,3781353226,3781353659,3781354084,3781354501,3781354910,3781355311,3781355705,3781356091,3781356470,3781356842,3781357207,3781357565,3781357916,3781358260,3781358598,3781358929,3781359254,3781359573,3781359886,3781360193,3781360494,3781360789,3781361079,3781361363,3781361642,3781361915,3781362183,3781362446,3781362704,3781362957,3781363205,3781363449,3781363688,3781363922,3781364152,3781364378,3781364599,3781364816,3781365029,3781365238,3781365443,3781365644,3781365841,3781366034,3781366224,3781366410,3781366593,3781366772,3781366948,3781367120,3781367289,3781367455,3781367618,3781367778,3781367934,3781368088,3781368239,3781368387,3781368532,3781368674,3781368813,3781368950,3781369084,3781369216,3781369345,3781369472,3781369596,3781369718,3781369838,3781369955,3781370070,3781370183,3781370294,3781370403,3781370509,3781370613,3781370715,3781370815,3781370914,3781371011,3781371106,3781371199,3781371290,3781371380,3781371468,3781371554,3781371638,3781371721,3781371802,3781371882,3781371960,3781372037,3781372112,3781372186,3781372258,3781372329,3781372399,3781372467,3781372534,3781372600,3781372664,3781372727,3781372789,3781372850,3781372910,3781372969,3781373026,3781373082,3781373137,3781373191,3781373244,3781373296,3781373347,3781373397,3781373446,3781373494,3781373541,3781373587,3781373632,3781373677,3781373721,3781373764,3781373806,3781373847,3781373887,3781373927,3781373966,3781374004,3781374041,3781374078,3781374114,3781374149,3781374184,3781374218,3781374251,3781374284,3781374316,3781374347,3781374378,3781374408,3781374438,3781374467,3781374496,3781374524,3781374551,3781374578,3781374604,3781374630,3781374655,3781374680,3781374704,3781374728,3781374751,3781374774,3781374797,3781374819,3781374841,3781374862,3781374883,3781374903,3781374923,3781374943,3781374962,3781374981,3781375000,3781375018,3781375036,3781375053,3781375070,3781375087,3781375103,3781375119,3781375135,3781375151,3781375166,3781375181,3781375196,3781375210,3781375224,3781375238,3781375252,3781375265,3781375278,3781375291,3781375303,3781375315,3781375327,3781375339,3781375351,3781375362,3781375373,3781375384,3781375395,3781375405,3781375415,3781375425,3781375435,3781375445,3781375454,3781375463,3781375472,3781375481,3781375490,3781375499,3781375507,3781375515,3781375523,3781375531,3781375539,3781375547,3781375554,3781375561,3781375568,3781375575,3781375582,3781375589,3781375596,3781375602,3781375608,3781375614,3781375620,3781375626,3781375632,3781375638,3781375644,3781375649,3781375654,3781375659,3781375664
