//Homunculus LvUp experience value table
12
26
43
62
84
151
228
314
410
516
763
1032
1322
1634
1968
2592
3254
3955
4694
5472
6742
8071
9461
10910
12420
14760
17018
19447
21962
24564
28219
31992
35882
39890
44016
49555
55248
61094
67094
73248
81228
89402
97771
106334
115092
126142
137431
148961
160730
172740
187560
202670
218071
233762
249744
269107
288816
308870
329270
350016
374767
399924
425486
451454
477828
508884
540410
572407
604874
637812
676162
715051
754481
794450
834960
881664
928982
976915
1025462
1074624
1130815
1187700
1245278
1303550
1362516
1429399
1497060
1565498
1634714
1704708
1783560
1863278
1943863
2025314
2107632
2199802
2292931
2387021
0    
